1324.70799999999645
1778.3919999999996
1234.46399999999812
890.295999999999367
957.879999999999541
900.548000000000343
815.759999999999877
963.160000000000082
912.032000000000266
662.859999999999104
1086.84400000000005
1425.51199999999767
1654.75199999999791
1445.31199999999922
1607.98000000000161
1066.47199999999953
836.527999999999679
883.344000000000619
1241.76800000000048
1070.69599999999946
1082.22400000000084
1775.04799999999886
708.487999999999261
1028.01600000000008
1189.93599999999833
1250.83199999999965
1139.86400000000026
973.98399999999981
946.528000000000475
1052.74400000000196
1089.08799999999997
1079.84799999999973
1160.36799999999971
1145.67200000000253
1155.00000000000227
1171.28000000000111
1157.90400000000091
1224.96000000000095
1193.32400000000234
1215.05999999999767
1509.77200000000016
854.304000000000883
1041.21599999999989
1007.55600000000061
1101.62799999999947
913.791999999999234
1289.19999999999914
1309.35199999999941
1251.36000000000035
1326.37999999999965
832.304000000000656
725.824000000000524
861.871999999999957
1209.77999999999997
1086.97600000000148
844.052000000001271
923.824000000000524
852.367999999999938
784.168000000000234
1040.15999999999985
1032.63600000000065
1185.7119999999984
847.264000000001147
915.684000000000651
658.679999999999836
678.655999999999722
1124.551999999999
1111.00000000000068
729.69600000000014
1607.75999999999726
1061.14799999999809
481.756000000000142
1326.86400000000162
953.876000000001113
913.396000000000527
914.936000000000945
617.496000000000322
996.11600000000044
2274.36000000000377
1091.02399999999898
1084.29199999999923
1037.65199999999982
777.700000000000955
785.224000000000501
849.904000000001247
1387.49599999999964
938.124000000000365
805.816000000000372
876.128000000000043
858.527999999999338
1357.61999999999784
892.671999999999684
0.483999999999995212
1292.45600000000036
975.568000000001007
1229.36000000000058
1460.97600000000239
573.584000000000742
147.488000000000227
1166.44000000000074
690.007999999999583
793.056000000000722
1006.49999999999943
1715.99999999999909
1345.51999999999907
1.67199999999998461
1274.06400000000122
1428.81199999999785
975.568000000000893
987.888000000000034
965.579999999999814
1425.42399999999702
1677.10399999999981
1078.30800000000067
889.85600000000079
1161.29199999999742
0.483999999999995489
921.799999999999727
1091.90400000000068
1035.40800000000013
1083.45600000000013
1289.63999999999965
958.232000000000085
985.776000000000181
915.507999999998788
1131.98800000000028
988.15199999999993
1033.82399999999939
1204.71999999999957
1146.46400000000062
1729.63999999999942
1236.70800000000099
3621.28800000000228
0
1023.61600000000021
1411.43199999999911
1302.92799999999943
1317.79999999999836
1400.69599999999923
1469.46800000000007
1411.25599999999804
1298.66000000000122
1389.96000000000117
0
780.427999999999656
1298.17599999999834
1400.87199999999962
1379.57600000000116
1384.32799999999952
1881.61600000000067
1299.67199999999957
1481.96400000000108
1396.2079999999994
1468.63199999999892
1294.65599999999972
1301.87200000000053
1455.96000000000117
1292.45599999999763
860.859999999999786
1294.656000000002
1301.51999999999975
2049.96000000000049
1387.62799999999925
1606.17600000000016
0
1303.19200000000069
0
1293.1599999999994
2634.63200000000597
1359.5120000000004
2357.9160000000029
1439.63600000000019
1250.47999999999888
1275.82399999999984
5320.74399999999059
1505.15199999999822
1027.26800000000026
1357.48800000000165
2896.60800000000836
2100.11999999999898
1113.37599999999998
1220.20800000000168
1109.32799999999975
983.223999999999819
2441.5159999999978
1340.76800000000026
1261.12800000000129
4.54949336904165221e-16
2527.18400000000202
1057.31999999999971
882.068000000000325
757.151999999999816
232.056000000000154
3653.67200000000594
986.215999999999553
1204.54399999999919
1027.44399999999928
2307.75599999999577
1258.09200000000078
1155.61600000000067
1330.25199999999859
1242.91200000000094
1264.20800000000077
3739.0320000000047
1293.4239999999977
993.432000000000244
1102.4640000000004
1014.28800000000012
1453.18800000000329
1420.67199999999912
1247.40000000000123
919.336000000000126
1008.92000000000053
1159.70799999999849
1323.47599999999898
1296.900000000001
1407.11999999999762
908.291999999999689
981.727999999998588
799.127999999999929
1036.20000000000141
1932.43600000000265
824.383999999999332
890.471999999999639
912.64800000000082
911.151999999999248
870.49599999999964
993.872000000000071
1084.33600000000138
1311.37600000000134
943.360000000000127
1356.78399999999806
884.840000000000941
827.72800000000143
1466.8720000000003
1141.79999999999859
1288.71600000000012
841.016000000000986
938.167999999999893
1243.5280000000007
2772.00000000000227
1361.44799999999873
1265.96800000000076
681.208000000000425
1503.56799999999953
1459.47999999999956
1346.75199999999995
935.967999999999734
842.248000000000502
556.160000000000878
2994.37600000000975
1500.4439999999986
1118.61200000000076
1056.35200000000077
873.576000000000818
1994.73999999999978
1411.69600000000196
879.516000000000076
899.975999999999999
1170.79600000000119
1056.43999999999937
739.815999999999121
1223.46399999999971
674.519999999999527
1246.25600000000145
1082.31199999999944
1182.89600000000041
932.756000000000654
935.439999999998463
1005.39999999999964
1062.24800000000005
967.956000000000472
880.703999999999951
1108.0080000000014
870.056000000000381
893.903999999999655
1081.95999999999913
1173.03999999999951
1055.56000000000154
1341.47199999999907
1223.37600000000066
1315.42400000000021
992.596000000000458
1550.11999999999944
1048.25600000000077
1310.97999999999888
1395.76799999999935
1188.52800000000207
1240.97600000000034
1395.06399999999962
1232.8359999999991
1177.66000000000008
3637.70000000000709
1417.98800000000074
1482.84399999999846
1412.00399999999718
1229.22800000000007
58.0800000000003251
1381.07200000000171
1388.81599999999935
633.864000000000374
1095.95199999999909
1091.37599999999884
1088.64799999999855
1230.67999999999802
1322.11200000000235
0
1050.14799999999946
1299.32000000000107
1371.69999999999982
1017.01600000000053
1238.86400000000003
1388.46400000000062
1373.50400000000195
1299.23200000000247
1373.06400000000281
1346.13599999999838
1276.22000000000253
2770.41600000000153
1432.11199999999917
1739.14399999999819
1503.61199999999849
624.888000000000147
1608.63999999999851
1162.52400000000148
1126.39999999999873
1258.84000000000015
2426.7760000000053
1217.39200000000164
810.919999999999504
866.624000000000251
816.463999999999487
662.244000000000597
859.89200000000119
792.879999999999427
636.768000000002303
802.208000000000538
857.032000000000608
828.872000000000298
831.248000000001184
1082.53199999999947
1024.05599999999936
872.96000000000015
1023.70399999999938
1197.10800000000199
1006.7199999999998
900.416000000000963
739.639999999999304
761.024000000000342
501.600000000000307
709.280000000000427
1397.2639999999999
1060.13599999999883
797.896000000000413
773.256000000000199
1000.6479999999998
876.744000000000142
852.719999999999118
980.05600000000004
888.360000000001151
818.04800000000057
747.73599999999999
847.791999999999575
675.576000000000818
943.843999999999596
1085.39200000000142
1098.89999999999986
424.423999999999182
1235.78399999999965
890.472000000000548
1352.12000000000194
1037.69599999999991
1519.01199999999767
1178.76000000000045
2097.304000000001
1093.70799999999849
1231.86800000000176
769.735999999998853
741.223999999998796
3147.23199999999906
921.667999999999893
1259.1919999999991
1293.60000000000036
1336.19199999999933
840.003999999998996
586.256000000001109
881.231999999999516
2342.64799999999286
1390.22400000000198
1402.41199999999867
910.40400000000102
370.743999999999517
1409.40800000000218
904.024000000000456
813.648000000000934
880.175999999999817
890.47199999999998
1043.15200000000095
902.792000000001735
938.431999999998766
916.080000000001405
700.347999999999615
802.999999999999091
769.559999999999945
707.871999999999844
945.472000000000207
824.735999999999876
1079.32000000000085
1179.37600000000134
956.604000000001747
1367.60799999999972
1652.46399999999835
840.135999999999058
1410.02399999999875
1054.24000000000115
1124.5079999999989
844.228000000000975
867.812000000001376
905.519999999999868
1079.01199999999903
800.183999999999855
1131.19600000000082
779.943999999999846
762.255999999999517
784.432000000000244
737.923999999998728
1193.23599999999988
875.336000000000922
1084.86399999999958
860.551999999999339
897.863999999999805
946.351999999999521
882.596000000001254
1044.47200000000043
992.639999999999986
1141.53600000000188
995.983999999999014
733.743999999998664
1264.82399999999916
1405.09599999999659
1055.64800000000082
1321.67199999999798
1356.60799999999745
1447.37999999999784
860.111999999999512
945.55999999999915
911.987999999999715
907.895999999999844
807.532000000000039
854.480000000000246
899.184000000000424
1083.89599999999882
1415.78799999999842
936.715999999999553
851.224000000001183
873.04799999999932
793.408000000001152
916.784000000000106
944.32800000000168
953.655999999999267
1008.74399999999946
847.043999999998846
848.848000000001434
1692.59200000000283
829.532000000000266
915.200000000000614
856.328000000000543
798.512000000000626
900.943999999998368
